ucl_msgindex_v1
2026-05-08	1	56	639270158328212806
2026-05-09	57	247	639270158328737688
2026-05-10	304	325	639270158329362830
2026-05-11	629	63	639270158329485592
2026-05-12	692	191	639270158329877828
2026-05-13	883	402	639270158330832904
2026-05-14	1285	558	639270158332082687
2026-05-15	1843	513	639270160422233317
2026-05-16	2356	224	639270158333729648
2026-05-18	2580	295	639270158334385432
2026-05-19	2875	28	639270158334453179
2026-05-20	2903	65	639270158334611249
2026-05-21	2968	34	639270158334689403
2026-05-22	3002	90	639270158334892357
2026-05-23	3092	79	639270158335077241
2026-05-24	3171	87	639270158335281666
2026-05-25	3258	60	639270158335419570
2026-05-26	3318	77	639270158335586197
2026-05-27	3395	90	639270158335762924
2026-05-28	3485	82	639270158335941423
2026-05-29	3567	58	639270158336057113
2026-05-30	3625	52	639270158336158416
2026-06-01	3677	24	639270158336202559
2026-06-02	3701	101	639270158336403414
2026-06-03	3802	3	639270158336413418
2026-06-04	3805	41	639270158336495640
2026-06-06	3846	223	639270158336955534
2026-06-07	4069	711	639270158338329794
2026-06-08	4780	216	639270158338781761
2026-06-09	4996	436	639270158339642267
2026-06-10	5432	491	639270158340622966
2026-06-11	5923	357	639270158341333101
2026-06-12	6280	321	639270158341968971
2026-06-13	6601	410	639270158342922920
2026-06-14	7011	486	639270158343883318
2026-06-15	7497	563	639270158345089833
2026-06-16	8060	512	639270158346123372
2026-06-17	8572	218	639270158346619007
2026-06-30	8790	35	639270160422319088
2026-07-03	8825	36	639270160422379399
2026-07-06	8861	66	639270160422516050
2026-07-07	8927	67	639270160422653054
2026-07-13	8994	48	639270160422740879
2026-07-14	9042	37	639270160422838187
2026-07-15	9079	51	639270160422934419
2026-07-16	9130	90	639270160423102653
2026-07-22	9220	2	639270160423117346
2026-07-23	9222	23	639270160423158396
2026-07-24	9245	10	639270160423181205
2026-07-27	9255	77	639270160423316071
2026-07-28	9332	77	639270160423460939
2026-07-29	9409	180	639270160423804681
2026-07-31	9589	227	639270160424246296
2026-08-03	9816	169	639270160424568736
2026-08-04	9985	147	639270160424857023
2026-08-05	10132	132	639270160425136242
2026-08-06	10264	124	639270160425382817
2026-08-07	10388	108	639270160425607947
2026-08-10	10496	137	639270160425890885
2026-08-11	10633	152	639270160426187763
2026-08-12	10785	128	639270160426437925
2026-08-13	10913	446	639270160427313840
2026-08-14	11359	399	639270160428097466
2026-08-17	11758	182	639270160428475262
2026-08-18	11940	284	639270160429040753
2026-08-19	12224	412	639270160429842696
2026-08-20	12636	319	639270160430488002
2026-08-21	12955	329	639270160431123577
2026-08-24	13284	452	639270160432014910
2026-08-25	13736	486	639270160432993074
2026-08-26	14222	324	639270160433613409
2026-08-27	14546	235	639270160434065137
2026-08-28	14781	240	639270160434536566
2026-08-31	15021	289	639270160435092574
2026-09-01	15310	266	639270160435596314
2026-09-02	15576	251	639270160436093311
2026-09-03	15827	233	639270160436540720
2026-09-04	16060	313	639270160437184866
2026-09-07	16373	329	639270160437875348
2026-09-08	16702	275	639270160438428046
2026-09-09	16977	234	639270160438915612
2026-09-10	17211	374	639270160439705555
2026-09-11	17585	360	639270160440422986
2026-09-14	17945	154	639270160440757848
2026-09-15	18099	328	639270160441418617
2026-09-16	18427	303	639270160442029269
2026-09-17	18730	381	639270160442791522
2026-09-18	19111	461	639270160443714309
2026-09-21	19572	326	639270160444376451
2026-09-22	19898	279	639270160444959645
2026-09-23	20177	283	639270160445645976
2026-09-30	20460	255	639270160446223058
2026-10-01	20715	314	639270160446878639
2026-10-02	21029	365	639270160447588067
2026-10-05	21394	384	639270160448348937
2026-10-06	21778	462	639270160449313320
2026-10-07	22240	302	639270160449920380
2026-10-08	22542	133	639270358776526601
